K =

  525.0000   -0.0000 -319.5000
         0  525.0000 -239.5000
         0         0   -1.0000


R =

   -1.0000   -0.0000    0.0000
    0.0000   -1.0000    0.0000
    0.0000    0.0000    1.0000


t =

    0.2000
    0.1000
    0.0000

P =

 -525.0000   -0.0000 -319.5000  105.0000
   -0.0000 -525.0000 -239.5000   52.5000
   -0.0000   -0.0000   -1.0000    0.0000

